place(-18.098, 1.000, -1.892, "Shotgunner", 300)
place(-18.211, 1.000, -3.953, "Shotgunner", 300)
place(-18.121, 1.000, -6.017, "Shotgunner", 300)
place(-18.149, 1.000, -5.993, "Shotgunner", 300)
place(34.718, 1.000, 24.058, "Farm", 250)
upgrade(34.718, 2.125, 24.058, 1, 200)
upgrade(34.718, 2.125, 24.058, 1, 550)
upgrade(-18.098, 2.350, -1.892, 1, 150)
upgrade(-18.211, 2.350, -3.953, 1, 150)
upgrade(-18.149, 2.350, -5.993, 1, 150)
upgrade(-18.098, 2.350, -1.892, 1, 950)
upgrade(-18.211, 2.350, -3.953, 1, 950)
upgrade(-18.149, 2.350, -5.993, 1, 950)
place(33.839, 1.000, 20.567, "Farm", 250)
upgrade(33.839, 2.125, 20.567, 1, 200)
upgrade(33.839, 2.125, 20.567, 1, 550)
upgrade(34.718, 2.125, 24.058, 1, 1000)
upgrade(33.839, 2.125, 20.567, 1, 1000)
place(19.539, 1.000, 12.928, "Military Base", 400)
upgrade(19.539, 1.863, 12.928, 1, 200)
upgrade(19.539, 1.863, 12.928, 1, 400)
upgrade(19.539, 1.863, 12.928, 1, 1750)
place(24.121, 1.000, 12.988, "Military Base", 400)
upgrade(24.121, 1.863, 12.988, 1, 200)
upgrade(24.121, 1.863, 12.988, 1, 400)
upgrade(24.121, 1.863, 12.988, 1, 1750)
place(33.238, 1.000, 16.948, "Farm", 250)
upgrade(33.238, 2.125, 16.948, 1, 200)
upgrade(33.238, 2.125, 16.948, 1, 550)
upgrade(33.238, 2.125, 16.948, 1, 1000)
place(30.848, 1.000, 24.602, "Farm", 250)
upgrade(30.848, 2.125, 24.602, 1, 200)
upgrade(30.848, 2.125, 24.602, 1, 550)
upgrade(30.848, 2.125, 24.602, 1, 1000)
place(30.202, 1.000, 20.881, "Farm", 250)
upgrade(30.202, 2.125, 20.881, 1, 200)
upgrade(30.202, 2.125, 20.881, 1, 550)
upgrade(30.202, 2.125, 20.881, 1, 1000)
place(31.696, 1.000, 11.857, "Farm", 250)
upgrade(31.696, 2.125, 11.857, 1, 200)
upgrade(31.696, 2.125, 11.857, 1, 550)
upgrade(31.696, 2.125, 11.857, 1, 1000)
place(31.669, 1.000, 7.946, "Farm", 250)
upgrade(31.669, 2.125, 7.946, 1, 200)
upgrade(31.669, 2.125, 7.946, 1, 550)
upgrade(31.669, 2.125, 7.946, 1, 1000)
place(30.953, 1.000, 3.661, "Farm", 250)
upgrade(30.953, 2.125, 3.661, 1, 200)
upgrade(30.953, 2.125, 3.661, 1, 550)
upgrade(30.953, 2.125, 3.661, 1, 1000)
place(27.912, 1.000, 0.403, "Farm", 250)
upgrade(19.539, 1.863, 12.928, 1, 7500)
upgrade(24.121, 1.863, 12.988, 1, 7500)
Ability1(19.539,1.863,12.928, 1, -22.686,1.125,-11.891,151.2355329990387,"Airstrike")
Ability1(24.121,1.863,12.988, 1, -22.797,1.125,-10.254,150.30504363775253,"Airstrike")
place(26.722, 1.000, 9.013, "Military Base", 400)
upgrade(26.722, 1.863, 9.013, 1, 200)
upgrade(26.722, 1.863, 9.013, 1, 400)
upgrade(26.722, 1.863, 9.013, 1, 1750)
upgrade(26.722, 1.863, 9.013, 1, 7500)
place(25.433, 1.000, 4.452, "Military Base", 400)
upgrade(25.433, 1.863, 4.452, 1, 200)
upgrade(25.433, 1.863, 4.452, 1, 400)
upgrade(25.433, 1.863, 4.452, 1, 1750)
upgrade(25.433, 1.863, 4.452, 1, 7500)
place(21.293, 1.000, 2.160, "Military Base", 400)
upgrade(21.293, 1.863, 2.160, 1, 200)
upgrade(21.293, 1.863, 2.160, 1, 400)
upgrade(21.293, 1.863, 2.160, 1, 1750)
upgrade(21.293, 1.863, 2.160, 1, 7500)
place(-14.044,1.000,-8.943,"Hacker",7560)
upgrade(-14.044,2.403,-8.943, 1, 8337)
upgrade(-14.044,2.403,-8.943, 1, 7740)
place(-23.786,1.000,0.204,"Hacker",10487)
upgrade(-23.786,2.403,0.204, 1, 9981)
upgrade(-23.786,2.403,0.204, 1, 8870)
place(20.230,1.000,7.676,"Mercenary Base",20914)
upgrade(20.230,0.975,7.676, 1, 18164)
upgrade(20.230,0.975,7.676, 1, 16814)
upgrade(20.230,0.975,7.676, 1, 14064)
place(25.736,1.000,18.319,"Mercenary Base",11155)
upgrade(25.736,0.975,18.319, 1, 8405)
upgrade(25.736,0.975,18.319, 1, 11055)
upgrade(25.736,0.975,18.319, 1, 8305)
place(21.217,1.000,18.583,"Mercenary Base",5672)
upgrade(21.217,0.975,18.583, 1, 2922)
upgrade(21.217,0.975,18.583, 1, 3772)
Ability1(19.539,1.863,12.928, 1, -20.597,1.125,-4.208,141.36000686883926,"Airstrike")
upgrade(21.217,0.975,18.583, 1, 13730)
upgrade(20.230,0.975,7.676, 1, 12628)
Ability1(21.293,1.863,2.160, 1, -20.456,1.125,-3.747,141.36000686883926,"Airstrike")
Ability1(24.121,1.863,12.988, 1, -22.591,1.125,-8.577,148.07866364717484,"Airstrike")
Ability1(25.433,1.863,4.452, 1, -22.686,1.125,-10.939,150.30504363775253,"Airstrike")
Ability1(26.722,1.863,9.013, 1, -22.682,1.125,-11.005,150.30504363775253,"Airstrike")
upgrade(20.230,0.975,7.676, 1, 16959)
Ability1(19.539,1.863,12.928, 1, -22.590,1.125,-8.727,148.07866364717484,"Airstrike")
upgrade(20.230,0.975,7.676, 1, 39000)
upgrade(25.736,0.975,18.319, 1, 12669)
Ability1(21.293,1.863,2.160, 1, -22.691,1.125,-9.511,148.6394065618515,"Airstrike")
Ability1(24.121,1.863,12.988, 1, -22.598,1.125,-12.107,151.2355329990387,"Airstrike")
Ability1(19.539,1.863,12.928, 1, -22.590,1.125,-12.397,151.2355329990387,"Airstrike")
Ability1(25.433,1.863,4.452, 1, -21.290,1.125,-8.627,143.30000644922256,"Airstrike")
Ability1(26.722,1.863,9.013, 1, -20.397,1.125,-5.279,141.36000686883926,"Airstrike")
upgrade(21.217,0.975,18.583, 1, 27870)
upgrade(21.217,0.975,18.583, 1, 17870)
Ability1(21.293,1.863,2.160, 1, -16.932,1.125,1.830,131.74341222643852,"Airstrike")
Ability1(24.121,1.863,12.988, 1, -11.471,1.125,-5.567,116.98251754045486,"Airstrike")
upgrade(21.217,0.975,18.583, 1, 38080)
Ability1(19.539,1.863,12.928, 1, -21.678,1.125,-8.517,146.66207739710808,"Airstrike")
Ability1(25.433,1.863,4.452, 1, -20.406,1.125,-6.227,143.30000644922256,"Airstrike")
Ability1(26.722,1.863,9.013, 1, -20.376,1.125,-3.590,140.24000650644302,"Airstrike")
Ability1(21.293,1.863,2.160, 1, -20.398,1.125,-5.382,142.42000633478165,"Airstrike")
upgrade(25.736,0.975,18.319, 1, 30233)
upgrade(25.736,0.975,18.319, 1, 37349)
Ability1(20.230,0.975,7.676, 1, 12.869,1.125,7.149,nil,"Air-Drop")
Ability1(21.293,1.863,2.160, 1, -15.717,1.125,1.795,130.39255079627037,"Airstrike")
Ability1(21.293,1.863,2.160, 1, -18.205,1.125,1.701,133.2353273332119,"Airstrike")
Ability1(24.121,1.863,12.988, 1, -18.205,1.125,1.701,131.74341222643852,"Airstrike")
upgrade(19.539, 1.863, 12.928, 1, 25000)
Ability1(21.217,0.975,18.583, 1, 15.583,1.125,8.208,nil,"Air-Drop")
Ability1(25.736,0.975,18.319, 1, 13.662,1.125,7.547,nil,"Air-Drop")
Ability1(25.433,1.863,4.452, 1, -20.361,1.125,-2.699,139.18000656366348,"Airstrike")
Ability1(19.539,1.863,12.928, 1, -21.737,1.125,-8.508,147.21168252825737,"Airstrike")
Ability1(26.722,1.863,9.013, 1, -22.581,1.125,-12.278,152.10020107030869,"Airstrike")
upgrade(26.722, 1.863, 9.013, 1, 25000)
upgrade(25.433, 1.863, 4.452, 1, 25000)
upgrade(21.293, 1.863, 2.160, 1, 25000)
upgrade(24.121, 1.863, 12.988, 1, 25000)
upgrade(-14.044,2.403,-8.943, 1, 15326)
ability(-14.044,2.403,-8.943,"Hologram Tower")
upgrade(-14.044,2.403,-8.943, 1, 24264)
Ability1(21.293,1.863,2.160, 1, -21.528,1.125,-8.477,146.66207739710808,"Airstrike")
Ability1(19.539,1.863,12.928, 1, -20.420,1.125,-7.885,145.1072673201561,"Airstrike")
Ability1(25.433,1.863,4.452, 1, -21.329,1.125,-8.532,146.17398113012314,"Airstrike")
Ability1(24.121,1.863,12.988, 1, -20.427,1.125,-7.722,144.60467314720154,"Airstrike")
Ability1(26.722,1.863,9.013, 1, -20.449,1.125,-7.483,144.60467314720154,"Airstrike")
Ability1(20.230,0.975,7.676, 1, 0.287,1.125,-5.308,nil,"Air-Drop")
Ability1(21.217,0.975,18.583, 1, 1.201,1.125,-5.191,nil,"Air-Drop")
Ability1(25.736,0.975,18.319, 1, -5.050,1.125,1.614,nil,"Air-Drop")
upgrade(-14.044,2.403,-8.943, 2, 79707)
ability(-14.044,2.403,-8.943,"Hologram Tower")
upgrade(-23.786,2.403,0.204, 1, 43207)
upgrade(-23.786,2.403,0.204, 1, 44984)
Ability3(-14.044,2.403,-8.943,20.230,0.975,7.676,16.719,1.000,18.845,"Hologram Tower")
upgrade(-23.786,2.403,0.204, 2, 92619)
Ability3(-23.786,2.403,0.204,20.230,0.975,7.676,13.520,1.000,14.769,"Hologram Tower")
Ability3(-14.044,2.403,-8.943,20.230,0.975,7.676,15.602,1.000,19.399,"Hologram Tower")
Ability1(13.520,0.975,14.769, 1, 23.943,1.125,16.446,nil,"Air-Drop")
Ability1(15.602,0.975,19.399, 1, 21.098,1.125,16.328,nil,"Air-Drop")
Ability1(21.293,1.863,2.160, 1, -20.470,1.125,-7.326,143.30000644922256,"Airstrike")
Ability1(21.293,1.863,2.160, 1, -20.526,1.125,-3.640,140.24000650644302,"Airstrike")
Ability1(19.539,1.863,12.928, 1, -20.507,1.125,-2.136,141.36000686883926,"Airstrike")
Ability1(25.433,1.863,4.452, 1, -22.297,1.125,-8.333,147.21168252825737,"Airstrike")
Ability1(24.121,1.863,12.988, 1, -22.355,1.125,-8.328,139.18000656366348,"Airstrike")
Ability1(26.722,1.863,9.013, 1, -20.500,1.125,-1.597,138.30000644922256,"Airstrike")
Ability1(20.230,0.975,7.676, 1, 1.644,1.125,7.599,nil,"Air-Drop")
Ability1(21.217,0.975,18.583, 1, -1.265,1.125,7.626,nil,"Air-Drop")
Ability1(25.736,0.975,18.319, 1, -0.136,1.125,7.624,nil,"Air-Drop")
Ability3(-23.786,2.403,0.204,20.230,0.975,7.676,12.021,1.000,9.917,"Hologram Tower")
Ability1(12.021,0.975,9.917, 1, -2.422,1.125,7.575,nil,"Air-Drop")
Ability1(21.293,1.863,2.160, 1, -16.893,1.125,1.961,131.74341222643852,"Airstrike")
Ability1(21.293,1.863,2.160, 1, -17.036,1.125,1.949,130.39255079627037,"Airstrike")
Ability1(24.121,1.863,12.988, 1, -16.402,1.125,1.952,131.74341222643852,"Airstrike")
Ability1(21.293,1.863,2.160, 1, -17.533,1.125,1.906,131.74341222643852,"Airstrike")
Ability3(-14.044,2.403,-8.943,20.230,0.975,7.676,7.076,1.000,9.865,"Hologram Tower")
Ability1(7.076,0.975,9.865, 1, 1.630,1.125,6.383,nil,"Air-Drop")
Ability1(7.076,0.975,9.865, 1, 3.512,1.125,6.330,nil,"Air-Drop")
Ability1(13.520,0.975,14.769, 1, 1.161,1.125,6.395,nil,"Air-Drop")
Ability1(15.602,0.975,19.399, 1, 6.689,1.125,6.245,nil,"Air-Drop")
upgrade(-18.098, 2.350, -1.892, 1, 2500)
upgrade(-18.098, 2.350, -1.892, 1, 6500)
upgrade(-18.098,2.350,-1.892, 1, 375527)
upgrade(-18.098,2.350,-1.892, 1, 375527)
upgrade(-18.211, 2.350, -3.953, 1, 2500)
upgrade(-18.211, 2.350, -3.953, 1, 6500)
upgrade(-18.211,2.350,-3.953, 1, 366528)
upgrade(-18.149, 2.350, -5.993, 1, 2500)
upgrade(-18.149, 2.350, -5.993, 1, 6500)
upgrade(-18.149,2.350,-5.993, 1, 357701)
place(-12.124, 1.000, -3.541, "Shotgunner", 300)
SetTower(20.230,0.975,7.676,"Riot Guard","Unit 1")
SetTower(20.230,0.975,7.676,"Riot Guard","Unit 2")
SetTower(20.230,0.975,7.676,"Riot Guard","Unit 3")
SetTower(21.217,0.975,18.583,"Riot Guard","Unit 3")
SetTower(21.217,0.975,18.583,"Riot Guard","Unit 2")
SetTower(21.217,0.975,18.583,"Riot Guard","Unit 3")
SetTower(21.217,0.975,18.583,"Riot Guard","Unit 2")
SetTower(21.217,0.975,18.583,"Riot Guard","Unit 1")
SetTower(25.736,0.975,18.319,"Grenadier","Unit 3")
SetTower(25.736,0.975,18.319,"Riot Guard","Unit 3")
SetTower(25.736,0.975,18.319,"Riot Guard","Unit 2")
SetTower(25.736,0.975,18.319,"Riot Guard","Unit 1")
Ability1(20.230,0.975,7.676, 1, -2.464,1.125,0.444,nil,"Air-Drop")
Ability1(21.217,0.975,18.583, 1, -4.786,1.125,1.338,nil,"Air-Drop")
place(-2.398, 1.000, -3.414, "Shotgunner", 300)
upgrade(-2.398, 2.350, -3.414, 1, 150)
upgrade(-2.398, 2.350, -3.414, 1, 950)
upgrade(-2.398, 2.350, -3.414, 1, 2500)
upgrade(-2.398, 2.350, -3.414, 1, 6500)
upgrade(-2.398,2.350,-3.414, 1, 609927)
upgrade(-2.398,2.350,-3.414, 1, 603427)
upgrade(-2.398,2.350,-3.414, 1, 603427)
upgrade(-2.398,2.350,-3.414, 1, 603427)
place(-5.427, 1.000, -3.700, "Shotgunner", 300)
upgrade(-5.427, 2.350, -3.700, 1, 150)
upgrade(-5.427, 2.350, -3.700, 1, 950)
upgrade(-5.427, 2.350, -3.700, 1, 2500)
upgrade(-5.427, 2.350, -3.700, 1, 6500)
upgrade(-5.427,2.350,-3.700, 1, 609038)
upgrade(-5.427,2.350,-3.700, 1, 609038)
upgrade(-5.427,2.350,-3.700, 1, 609027)
upgrade(-5.427,2.350,-3.700, 1, 609027)
upgrade(-5.427,2.350,-3.700, 1, 611020)
upgrade(-5.427,2.350,-3.700, 1, 611027)
place(-8.461, 1.000, -3.081, "Shotgunner", 300)
upgrade(-8.461, 2.350, -3.081, 1, 150)
upgrade(-8.461, 2.350, -3.081, 1, 950)
upgrade(-8.461, 2.350, -3.081, 1, 2500)
upgrade(-8.461, 2.350, -3.081, 1, 6500)
upgrade(-8.461,2.350,-3.081, 1, 628644)
upgrade(-8.461,2.350,-3.081, 1, 628627)
upgrade(-8.461,2.350,-3.081, 1, 628627)
place(-0.151, 1.000, -3.558, "Shotgunner", 300)
upgrade(-0.151, 2.350, -3.558, 1, 150)
upgrade(-0.151, 2.350, -3.558, 1, 950)
upgrade(-0.151, 2.350, -3.558, 1, 2500)
upgrade(-0.151, 2.350, -3.558, 1, 6500)
upgrade(-0.151,2.350,-3.558, 1, 653834)
upgrade(-0.151,2.350,-3.558, 1, 656225)
place(-2.183, 1.000, -9.434, "Shotgunner", 300)
upgrade(-2.183, 2.350, -9.434, 1, 150)
upgrade(-2.183, 2.350, -9.434, 1, 950)
upgrade(-2.183, 2.350, -9.434, 1, 2500)
upgrade(-2.183, 2.350, -9.434, 1, 6500)
upgrade(-2.183,2.350,-9.434, 1, 664229)
place(2.164, 1.000, -3.579, "Shotgunner", 300)
upgrade(2.164, 2.350, -3.579, 1, 150)
upgrade(2.164, 2.350, -3.579, 1, 950)
upgrade(2.164, 2.350, -3.579, 1, 2500)
upgrade(2.164, 2.350, -3.579, 1, 6500)
upgrade(2.164,2.350,-3.579, 1, 669839)
place(5.491, 1.000, -6.886, "Shotgunner", 300)
upgrade(5.491, 2.350, -6.886, 1, 150)
upgrade(5.491, 2.350, -6.886, 1, 950)
upgrade(5.491, 2.350, -6.886, 1, 2500)
upgrade(5.491, 2.350, -6.886, 1, 6500)
place(4.913, 1.000, -3.681, "Shotgunner", 300)
upgrade(4.913, 2.350, -3.681, 1, 150)
upgrade(4.913, 2.350, -3.681, 1, 950)
upgrade(4.913, 2.350, -3.681, 1, 2500)
upgrade(4.913, 2.350, -3.681, 1, 6500)
place(6.679, 1.000, -9.196, "Shotgunner", 300)
upgrade(6.679, 2.350, -9.196, 1, 150)
upgrade(6.679, 2.350, -9.196, 1, 950)
upgrade(6.679, 2.350, -9.196, 1, 2500)
upgrade(6.679, 2.350, -9.196, 1, 6500)
upgrade(6.679,2.350,-9.196, 1, 697082)
place(8.718, 1.000, -9.852, "Shotgunner", 300)
upgrade(8.718, 2.350, -9.852, 1, 150)
upgrade(8.718, 2.350, -9.852, 1, 950)
upgrade(8.718, 2.350, -9.852, 1, 2500)
upgrade(8.718, 2.350, -9.852, 1, 6500)
place(10.995, 1.000, -9.773, "Shotgunner", 300)
upgrade(10.995, 2.350, -9.773, 1, 150)
upgrade(10.995, 2.350, -9.773, 1, 950)
upgrade(10.995, 2.350, -9.773, 1, 2500)
upgrade(10.995, 2.350, -9.773, 1, 6500)
upgrade(10.995,2.350,-9.773, 1, 700251)
place(-0.533, 1.000, -11.015, "Shotgunner", 300)
upgrade(-0.533, 2.350, -11.015, 1, 150)
upgrade(-0.533, 2.350, -11.015, 1, 950)
upgrade(-0.533, 2.350, -11.015, 1, 2500)
upgrade(-0.533, 2.350, -11.015, 1, 6500)
upgrade(-0.533,2.350,-11.015, 1, 717527)
upgrade(-0.533,2.350,-11.015, 1, 711027)
place(13.078, 1.000, -3.339, "Shotgunner", 300)
upgrade(13.078, 2.350, -3.339, 1, 150)
upgrade(13.078, 2.350, -3.339, 1, 950)
upgrade(13.078, 2.350, -3.339, 1, 2500)
upgrade(13.078, 2.350, -3.339, 1, 6500)
place(12.820, 1.000, -0.668, "Shotgunner", 300)
upgrade(12.820, 2.350, -0.668, 1, 150)
upgrade(12.820, 2.350, -0.668, 1, 950)
upgrade(12.820, 2.350, -0.668, 1, 2500)
upgrade(12.820, 2.350, -0.668, 1, 6500)
place(13.649, 1.000, 1.893, "Shotgunner", 300)
upgrade(13.649, 2.350, 1.893, 1, 150)
upgrade(13.649, 2.350, 1.893, 1, 950)
upgrade(13.649, 2.350, 1.893, 1, 2500)
upgrade(13.649, 2.350, 1.893, 1, 6500)
upgrade(13.649,2.350,1.893, 1, 697941)
