place(41.309,0.750,-7.651,"Scout",600)
upgrade(41.309,2.100,-7.651,355)
upgrade(41.309,2.100,-7.651,502)
place(38.093,0.750,-7.491,"Scout",497)
upgrade(38.093,2.100,-7.491,854)
upgrade(38.093,2.100,-7.491,708)
place(42.849,0.750,-4.775,"Scout",285)
upgrade(42.849,2.100,-4.775,824)
upgrade(42.849,2.100,-4.775,674)
place(39.738,0.750,-4.783,"Scout",1230)
upgrade(39.738,2.100,-4.783,980)
upgrade(39.738,2.100,-4.783,839)
place(35.643,0.750,-5.355,"Scout",3403)
upgrade(35.643,2.100,-5.355,4408)
upgrade(35.643,2.100,-5.355,4278)
place(41.329,0.750,-1.782,"Scout",4336)
upgrade(41.329,2.100,-1.782,4314)
upgrade(41.329,2.100,-1.782,4171)
upgrade(41.329,2.100,-1.782,3755)
place(37.301,0.750,-2.716,"Scout",3141)
upgrade(37.301,2.100,-2.716,2950)
upgrade(37.301,2.100,-2.716,2636)
place(34.854,0.750,-0.711,"Scout",7292)
upgrade(34.854,2.100,-0.711,7066)
upgrade(34.854,2.100,-0.711,6918)
upgrade(34.854,2.100,-0.711,6417)
upgrade(34.854,2.100,-0.711,6823)
place(38.765,0.750,0.006,"Commander",1855)
upgrade(38.765,2.450,0.006,3426)
upgrade(38.765,2.450,0.006,3129)
ability(38.765,2.450,0.006,"Call Of Arms","14'43")
upgrade(35.643,2.100,-5.355,4031)
upgrade(35.643,2.100,-5.355,6408)
upgrade(38.093,2.100,-7.491,5663)
upgrade(38.093,2.100,-7.491,7966)
ability(38.765,2.450,0.006,"Call Of Arms","18'124")
upgrade(37.301,2.100,-2.716,2303)
upgrade(37.301,2.100,-2.716,5584)
upgrade(41.309,2.100,-7.651,5825)
upgrade(41.309,2.100,-7.651,5950)
upgrade(42.849,2.100,-4.775,5545)
upgrade(42.849,2.100,-4.775,5759)
upgrade(39.738,2.100,-4.783,3978)
ability(38.765,2.450,0.006,"Call Of Arms","22'126")
upgrade(39.738,2.100,-4.783,6134)
upgrade(41.329,2.100,-1.782,5504)
place(41.551,0.750,1.328,"Scout",1006)
upgrade(41.551,2.100,1.328,1406)
upgrade(41.551,2.100,1.328,1404)
upgrade(41.551,2.100,1.328,8061)
upgrade(41.551,2.100,1.328,5817)
place(36.399,0.750,1.942,"Commander",2439)
upgrade(36.399,2.450,1.942,5494)
upgrade(36.399,2.450,1.942,6343)
place(39.059,0.750,3.386,"Scout",3843)
upgrade(39.059,2.100,3.386,4743)
upgrade(39.059,2.100,3.386,4724)
upgrade(39.059,2.100,3.386,2603)
ability(36.399,2.450,1.942,"Call Of Arms","25'0")
upgrade(39.059,2.100,3.386,7098)
ability(38.765,2.450,0.006,"Call Of Arms","25'0")
